0 -0.785398 0 -2.35619 0 1.5708 0.785398 
-1.59894e-16 -0.785563 6.57754e-17 -2.35596 4.51284e-17 1.57039 0.785398 
-3.21685e-16 -0.78573 1.32331e-16 -2.35571 9.07919e-17 1.56998 0.785398 
-4.85363e-16 -0.785899 1.99663e-16 -2.35547 1.36988e-16 1.56957 0.785398 
-6.50923e-16 -0.786069 2.67769e-16 -2.35522 1.83716e-16 1.56915 0.785398 
-8.18355e-16 -0.786242 3.36645e-16 -2.35497 2.30972e-16 1.56873 0.785398 
-9.87653e-16 -0.786416 4.06289e-16 -2.35472 2.78754e-16 1.5683 0.785398 
-1.15881e-15 -0.786593 4.76697e-16 -2.35446 3.27061e-16 1.56787 0.785398 
-1.33182e-15 -0.786771 5.47866e-16 -2.3542 3.7589e-16 1.56743 0.785398 
-1.50666e-15 -0.786951 6.19794e-16 -2.35394 4.25239e-16 1.56699 0.785398 
-1.68335e-15 -0.787134 6.92476e-16 -2.35367 4.75106e-16 1.56654 0.785398 
-1.86186e-15 -0.787318 7.6591e-16 -2.35341 5.25489e-16 1.56609 0.785398 
-2.04219e-15 -0.787504 8.40092e-16 -2.35314 5.76386e-16 1.56563 0.785398 
-2.22434e-15 -0.787691 9.15021e-16 -2.35286 6.27794e-16 1.56517 0.785398 
-2.40828e-15 -0.787881 9.90691e-16 -2.35259 6.79711e-16 1.56471 0.785398 
-2.59403e-15 -0.788072 1.0671e-15 -2.35231 7.32136e-16 1.56424 0.785398 
-2.78157e-15 -0.788266 1.14425e-15 -2.35203 7.85066e-16 1.56376 0.785398 
-2.97088e-15 -0.788461 1.22213e-15 -2.35175 8.38498e-16 1.56328 0.785398 
-3.16197e-15 -0.788658 1.30074e-15 -2.35146 8.92432e-16 1.5628 0.785398 
-3.35483e-15 -0.788857 1.38007e-15 -2.35117 9.46864e-16 1.56231 0.785398 
-3.54945e-15 -0.789057 1.46013e-15 -2.35088 1.00179e-15 1.56182 0.785398 
-3.74582e-15 -0.78926 1.54091e-15 -2.35058 1.05722e-15 1.56132 0.785398 
-3.94393e-15 -0.789464 1.62241e-15 -2.35029 1.11313e-15 1.56082 0.785398 
-4.14378e-15 -0.78967 1.70462e-15 -2.34999 1.16954e-15 1.56032 0.785398 
-4.34536e-15 -0.789878 1.78754e-15 -2.34969 1.22643e-15 1.55981 0.785398 
-4.54866e-15 -0.790088 1.87117e-15 -2.34938 1.28381e-15 1.55929 0.785398 
-4.75367e-15 -0.790299 1.95551e-15 -2.34908 1.34167e-15 1.55878 0.785398 
-4.96039e-15 -0.790512 2.04055e-15 -2.34877 1.40001e-15 1.55825 0.785398 
-5.16881e-15 -0.790727 2.12628e-15 -2.34845 1.45884e-15 1.55773 0.785398 
-5.37892e-15 -0.790944 2.21271e-15 -2.34814 1.51814e-15 1.5572 0.785398 
-5.59071e-15 -0.791162 2.29984e-15 -2.34782 1.57791e-15 1.55666 0.785398 
-5.80417e-15 -0.791382 2.38765e-15 -2.3475 1.63816e-15 1.55612 0.785398 
-6.01931e-15 -0.791604 2.47615e-15 -2.34718 1.69888e-15 1.55558 0.785398 
-6.2361e-15 -0.791827 2.56533e-15 -2.34685 1.76007e-15 1.55503 0.785398 
-6.45455e-15 -0.792053 2.6552e-15 -2.34653 1.82172e-15 1.55448 0.785398 
-6.67464e-15 -0.792279 2.74573e-15 -2.3462 1.88384e-15 1.55392 0.785398 
-6.89637e-15 -0.792508 2.83695e-15 -2.34587 1.94642e-15 1.55336 0.785398 
-7.11973e-15 -0.792738 2.92883e-15 -2.34553 2.00946e-15 1.55279 0.785398 
-7.34472e-15 -0.79297 3.02138e-15 -2.34519 2.07296e-15 1.55222 0.785398 
-7.57131e-15 -0.793204 3.1146e-15 -2.34486 2.13692e-15 1.55165 0.785398 
-7.79952e-15 -0.793439 3.20847e-15 -2.34451 2.20133e-15 1.55107 0.785398 
-8.02932e-15 -0.793676 3.30301e-15 -2.34417 2.26619e-15 1.55049 0.785398 
-8.26072e-15 -0.793915 3.39819e-15 -2.34382 2.33149e-15 1.54991 0.785398 
-8.4937e-15 -0.794155 3.49404e-15 -2.34347 2.39725e-15 1.54932 0.785398 
-8.72826e-15 -0.794397 3.59052e-15 -2.34312 2.46345e-15 1.54873 0.785398 
-8.96438e-15 -0.79464 3.68766e-15 -2.34277 2.5301e-15 1.54813 0.785398 
-9.20207e-15 -0.794885 3.78544e-15 -2.34241 2.59718e-15 1.54753 0.785398 
-9.44131e-15 -0.795132 3.88385e-15 -2.34205 2.6647e-15 1.54692 0.785398 
-9.6821e-15 -0.79538 3.98291e-15 -2.34169 2.73266e-15 1.54631 0.785398 
-9.92443e-15 -0.79563 4.08259e-15 -2.34133 2.80106e-15 1.5457 0.785398 
-1.01683e-14 -0.795881 4.18291e-15 -2.34097 2.86988e-15 1.54508 0.785398 
-1.04137e-14 -0.796134 4.28385e-15 -2.3406 2.93914e-15 1.54446 0.785398 
-1.06606e-14 -0.796389 4.38542e-15 -2.34023 3.00882e-15 1.54384 0.785398 
-1.0909e-14 -0.796645 4.4876e-15 -2.33986 3.07893e-15 1.54321 0.785398 
-1.11589e-14 -0.796902 4.59041e-15 -2.33948 3.14947e-15 1.54258 0.785398 
-1.14103e-14 -0.797162 4.69382e-15 -2.33911 3.22042e-15 1.54194 0.785398 
-1.16632e-14 -0.797422 4.79785e-15 -2.33873 3.2918e-15 1.5413 0.785398 
-1.19175e-14 -0.797685 4.90249e-15 -2.33835 3.36359e-15 1.54066 0.785398 
-1.21734e-14 -0.797948 5.00773e-15 -2.33796 3.43579e-15 1.54001 0.785398 
-1.24307e-14 -0.798214 5.11358e-15 -2.33758 3.50841e-15 1.53936 0.785398 
-1.26894e-14 -0.79848 5.22002e-15 -2.33719 3.58144e-15 1.53871 0.785398 
-1.29496e-14 -0.798749 5.32706e-15 -2.3368 3.65488e-15 1.53805 0.785398 
-1.32113e-14 -0.799018 5.43469e-15 -2.33641 3.72873e-15 1.53739 0.785398 
-1.34743e-14 -0.79929 5.5429e-15 -2.33601 3.80298e-15 1.53672 0.785398 
-1.37388e-14 -0.799562 5.65171e-15 -2.33562 3.87763e-15 1.53606 0.785398 
-1.40047e-14 -0.799836 5.7611e-15 -2.33522 3.95268e-15 1.53538 0.785398 
-1.42721e-14 -0.800112 5.87107e-15 -2.33482 4.02813e-15 1.53471 0.785398 
-1.45408e-14 -0.800389 5.98161e-15 -2.33442 4.10397e-15 1.53403 0.785398 
-1.48109e-14 -0.800668 6.09273e-15 -2.33401 4.18021e-15 1.53335 0.785398 
-1.50824e-14 -0.800947 6.20442e-15 -2.33361 4.25684e-15 1.53266 0.785398 
-1.53553e-14 -0.801229 6.31668e-15 -2.3332 4.33386e-15 1.53197 0.785398 
-1.56296e-14 -0.801512 6.4295e-15 -2.33279 4.41127e-15 1.53128 0.785398 
-1.59052e-14 -0.801796 6.54288e-15 -2.33237 4.48906e-15 1.53058 0.785398 
-1.61822e-14 -0.802081 6.65682e-15 -2.33196 4.56723e-15 1.52988 0.785398 
-1.64605e-14 -0.802368 6.77131e-15 -2.33154 4.64578e-15 1.52917 0.785398 
-1.67401e-14 -0.802656 6.88636e-15 -2.33112 4.72472e-15 1.52847 0.785398 
-1.70211e-14 -0.802946 7.00196e-15 -2.3307 4.80403e-15 1.52776 0.785398 
-1.73035e-14 -0.803237 7.1181e-15 -2.33028 4.88371e-15 1.52704 0.785398 
-1.75871e-14 -0.80353 7.23478e-15 -2.32985 4.96377e-15 1.52633 0.785398 
-1.78721e-14 -0.803823 7.352e-15 -2.32943 5.04419e-15 1.5256 0.785398 
-1.81583e-14 -0.804119 7.46976e-15 -2.329 5.12499e-15 1.52488 0.785398 
-1.84459e-14 -0.804415 7.58805e-15 -2.32857 5.20615e-15 1.52415 0.785398 
-1.87347e-14 -0.804713 7.70687e-15 -2.32814 5.28767e-15 1.52342 0.785398 
-1.90249e-14 -0.805012 7.82622e-15 -2.3277 5.36955e-15 1.52269 0.785398 
-1.93163e-14 -0.805312 7.94609e-15 -2.32727 5.4518e-15 1.52195 0.785398 
-1.96089e-14 -0.805614 8.06648e-15 -2.32683 5.5344e-15 1.52121 0.785398 
-1.99028e-14 -0.805917 8.18739e-15 -2.32639 5.61735e-15 1.52047 0.785398 
-2.0198e-14 -0.806221 8.30882e-15 -2.32594 5.70066e-15 1.51972 0.785398 
-2.04944e-14 -0.806527 8.43075e-15 -2.3255 5.78432e-15 1.51897 0.785398 
-2.07921e-14 -0.806834 8.55319e-15 -2.32505 5.86833e-15 1.51822 0.785398 
-2.10909e-14 -0.807142 8.67614e-15 -2.32461 5.95268e-15 1.51747 0.785398 
-2.1391e-14 -0.807451 8.79959e-15 -2.32416 6.03738e-15 1.51671 0.785398 
-2.16923e-14 -0.807762 8.92354e-15 -2.32371 6.12242e-15 1.51594 0.785398 
-2.19949e-14 -0.808074 9.04798e-15 -2.32325 6.2078e-15 1.51518 0.785398 
-2.22986e-14 -0.808387 9.17291e-15 -2.3228 6.29352e-15 1.51441 0.785398 
-2.26035e-14 -0.808701 9.29834e-15 -2.32234 6.37957e-15 1.51364 0.785398 
-2.29095e-14 -0.809017 9.42425e-15 -2.32188 6.46596e-15 1.51287 0.785398 
-2.32168e-14 -0.809334 9.55064e-15 -2.32142 6.55268e-15 1.51209 0.785398 
-2.35252e-14 -0.809652 9.67752e-15 -2.32096 6.63972e-15 1.51131 0.785398 
-2.38348e-14 -0.809971 9.80487e-15 -2.3205 6.7271e-15 1.51053 0.785398 
-2.41455e-14 -0.810291 9.93269e-15 -2.32003 6.8148e-15 1.50974 0.785398 
-2.44574e-14 -0.810613 1.0061e-14 -2.31957 6.90282e-15 1.50895 0.785398 
-2.47704e-14 -0.810935 1.01897e-14 -2.3191 6.99116e-15 1.50816 0.785398 
-2.50845e-14 -0.811259 1.0319e-14 -2.31863 7.07983e-15 1.50737 0.785398 
-2.53998e-14 -0.811584 1.04487e-14 -2.31815 7.1688e-15 1.50657 0.785398 
-2.57162e-14 -0.81191 1.05788e-14 -2.31768 7.2581e-15 1.50577 0.785398 
-2.60336e-14 -0.812238 1.07094e-14 -2.3172 7.3477e-15 1.50497 0.785398 
-2.63522e-14 -0.812566 1.08405e-14 -2.31673 7.43761e-15 1.50416 0.785398 
-2.66719e-14 -0.812896 1.0972e-14 -2.31625 7.52784e-15 1.50335 0.785398 
-2.69926e-14 -0.813226 1.11039e-14 -2.31577 7.61836e-15 1.50254 0.785398 
-2.73144e-14 -0.813558 1.12363e-14 -2.31529 7.70919e-15 1.50173 0.785398 
-2.76373e-14 -0.813891 1.13691e-14 -2.3148 7.80033e-15 1.50091 0.785398 
-2.79613e-14 -0.814225 1.15024e-14 -2.31432 7.89176e-15 1.50009 0.785398 
-2.82863e-14 -0.81456 1.16361e-14 -2.31383 7.98349e-15 1.49927 0.785398 
-2.86123e-14 -0.814896 1.17702e-14 -2.31334 8.07551e-15 1.49845 0.785398 
-2.89394e-14 -0.815233 1.19047e-14 -2.31285 8.16782e-15 1.49762 0.785398 
-2.92675e-14 -0.815572 1.20397e-14 -2.31236 8.26043e-15 1.49679 0.785398 
-2.95967e-14 -0.815911 1.21751e-14 -2.31187 8.35333e-15 1.49596 0.785398 
-2.99268e-14 -0.816251 1.23109e-14 -2.31137 8.44651e-15 1.49512 0.785398 
-3.0258e-14 -0.816593 1.24472e-14 -2.31088 8.53997e-15 1.49429 0.785398 
-3.05901e-14 -0.816935 1.25838e-14 -2.31038 8.63372e-15 1.49345 0.785398 
-3.09233e-14 -0.817279 1.27208e-14 -2.30988 8.72775e-15 1.4926 0.785398 
-3.12574e-14 -0.817623 1.28583e-14 -2.30938 8.82205e-15 1.49176 0.785398 
-3.15925e-14 -0.817969 1.29962e-14 -2.30888 8.91664e-15 1.49091 0.785398 
-3.19286e-14 -0.818315 1.31344e-14 -2.30838 9.01149e-15 1.49006 0.785398 
-3.22656e-14 -0.818663 1.32731e-14 -2.30787 9.10662e-15 1.48921 0.785398 
-3.26036e-14 -0.819011 1.34121e-14 -2.30737 9.20201e-15 1.48835 0.785398 
-3.29426e-14 -0.81936 1.35515e-14 -2.30686 9.29767e-15 1.4875 0.785398 
-3.32825e-14 -0.819711 1.36913e-14 -2.30635 9.3936e-15 1.48664 0.785398 
-3.36233e-14 -0.820062 1.38315e-14 -2.30584 9.48979e-15 1.48578 0.785398 
-3.3965e-14 -0.820415 1.39721e-14 -2.30533 9.58624e-15 1.48491 0.785398 
-3.43076e-14 -0.820768 1.41131e-14 -2.30481 9.68295e-15 1.48405 0.785398 
-3.46512e-14 -0.821122 1.42544e-14 -2.3043 9.77991e-15 1.48318 0.785398 
-3.49957e-14 -0.821477 1.43961e-14 -2.30378 9.87713e-15 1.48231 0.785398 
-3.5341e-14 -0.821833 1.45382e-14 -2.30327 9.9746e-15 1.48143 0.785398 
-3.56872e-14 -0.82219 1.46806e-14 -2.30275 1.00723e-14 1.48056 0.785398 
-3.60343e-14 -0.822548 1.48234e-14 -2.30223 1.01703e-14 1.47968 0.785398 
-3.63823e-14 -0.822907 1.49665e-14 -2.30171 1.02685e-14 1.4788 0.785398 
-3.67312e-14 -0.823266 1.511e-14 -2.30118 1.0367e-14 1.47792 0.785398 
-3.70809e-14 -0.823627 1.52539e-14 -2.30066 1.04657e-14 1.47703 0.785398 
-3.74314e-14 -0.823988 1.53981e-14 -2.30013 1.05646e-14 1.47615 0.785398 
-3.77828e-14 -0.824351 1.55426e-14 -2.29961 1.06638e-14 1.47526 0.785398 
-3.8135e-14 -0.824714 1.56875e-14 -2.29908 1.07632e-14 1.47437 0.785398 
-3.84881e-14 -0.825078 1.58328e-14 -2.29855 1.08628e-14 1.47347 0.785398 
-3.88419e-14 -0.825442 1.59783e-14 -2.29802 1.09627e-14 1.47258 0.785398 
-3.91966e-14 -0.825808 1.61242e-14 -2.29749 1.10628e-14 1.47168 0.785398 
-3.95521e-14 -0.826175 1.62705e-14 -2.29696 1.11631e-14 1.47078 0.785398 
-3.99083e-14 -0.826542 1.6417e-14 -2.29643 1.12637e-14 1.46988 0.785398 
-4.02654e-14 -0.82691 1.65639e-14 -2.29589 1.13645e-14 1.46898 0.785398 
-4.06232e-14 -0.827279 1.67111e-14 -2.29535 1.14654e-14 1.46808 0.785398 
-4.09818e-14 -0.827649 1.68586e-14 -2.29482 1.15667e-14 1.46717 0.785398 
-4.13412e-14 -0.828019 1.70064e-14 -2.29428 1.16681e-14 1.46626 0.785398 
-4.17013e-14 -0.82839 1.71546e-14 -2.29374 1.17697e-14 1.46535 0.785398 
-4.20622e-14 -0.828762 1.7303e-14 -2.2932 1.18716e-14 1.46444 0.785398 
-4.24238e-14 -0.829135 1.74518e-14 -2.29266 1.19736e-14 1.46352 0.785398 
-4.27861e-14 -0.829509 1.76008e-14 -2.29212 1.20759e-14 1.46261 0.785398 
-4.31492e-14 -0.829883 1.77502e-14 -2.29157 1.21784e-14 1.46169 0.785398 
-4.3513e-14 -0.830258 1.78998e-14 -2.29103 1.2281e-14 1.46077 0.785398 
-4.38775e-14 -0.830634 1.80498e-14 -2.29048 1.23839e-14 1.45985 0.785398 
-4.42427e-14 -0.83101 1.82e-14 -2.28993 1.2487e-14 1.45892 0.785398 
-4.46086e-14 -0.831388 1.83505e-14 -2.28939 1.25903e-14 1.458 0.785398 
-4.49752e-14 -0.831766 1.85013e-14 -2.28884 1.26937e-14 1.45707 0.785398 
-4.53424e-14 -0.832144 1.86524e-14 -2.28829 1.27974e-14 1.45614 0.785398 
-4.57104e-14 -0.832523 1.88038e-14 -2.28774 1.29012e-14 1.45521 0.785398 
-4.6079e-14 -0.832903 1.89554e-14 -2.28718 1.30053e-14 1.45428 0.785398 
-4.64482e-14 -0.833284 1.91073e-14 -2.28663 1.31095e-14 1.45335 0.785398 
-4.68181e-14 -0.833666 1.92595e-14 -2.28608 1.32139e-14 1.45241 0.785398 
-4.71887e-14 -0.834048 1.94119e-14 -2.28552 1.33185e-14 1.45147 0.785398 
-4.75599e-14 -0.83443 1.95646e-14 -2.28497 1.34232e-14 1.45054 0.785398 
-4.79317e-14 -0.834814 1.97176e-14 -2.28441 1.35282e-14 1.4496 0.785398 
-4.83041e-14 -0.835198 1.98708e-14 -2.28385 1.36333e-14 1.44865 0.785398 
-4.86772e-14 -0.835582 2.00242e-14 -2.28329 1.37386e-14 1.44771 0.785398 
-4.90508e-14 -0.835967 2.01779e-14 -2.28273 1.3844e-14 1.44677 0.785398 
-4.9425e-14 -0.836353 2.03319e-14 -2.28217 1.39497e-14 1.44582 0.785398 
-4.97999e-14 -0.83674 2.04861e-14 -2.28161 1.40555e-14 1.44487 0.785398 
-5.01753e-14 -0.837127 2.06405e-14 -2.28105 1.41614e-14 1.44392 0.785398 
-5.05513e-14 -0.837514 2.07952e-14 -2.28049 1.42675e-14 1.44297 0.785398 
-5.09278e-14 -0.837902 2.09501e-14 -2.27992 1.43738e-14 1.44202 0.785398 
-5.13049e-14 -0.838291 2.11052e-14 -2.27936 1.44802e-14 1.44107 0.785398 
-5.16826e-14 -0.838681 2.12606e-14 -2.27879 1.45868e-14 1.44011 0.785398 
-5.20608e-14 -0.839071 2.14162e-14 -2.27822 1.46936e-14 1.43915 0.785398 
-5.24396e-14 -0.839461 2.1572e-14 -2.27766 1.48005e-14 1.4382 0.785398 
-5.28188e-14 -0.839852 2.1728e-14 -2.27709 1.49075e-14 1.43724 0.785398 
-5.31986e-14 -0.840244 2.18842e-14 -2.27652 1.50147e-14 1.43628 0.785398 
-5.35789e-14 -0.840636 2.20407e-14 -2.27595 1.5122e-14 1.43532 0.785398 
-5.39597e-14 -0.841028 2.21973e-14 -2.27538 1.52295e-14 1.43435 0.785398 
-5.4341e-14 -0.841421 2.23542e-14 -2.27481 1.53371e-14 1.43339 0.785398 
-5.47228e-14 -0.841815 2.25112e-14 -2.27424 1.54449e-14 1.43242 0.785398 
-5.51051e-14 -0.842209 2.26685e-14 -2.27367 1.55528e-14 1.43146 0.785398 
-5.54879e-14 -0.842604 2.28259e-14 -2.27309 1.56608e-14 1.43049 0.785398 
-5.58711e-14 -0.842999 2.29836e-14 -2.27252 1.5769e-14 1.42952 0.785398 
-5.62548e-14 -0.843394 2.31414e-14 -2.27194 1.58773e-14 1.42855 0.785398 
-5.66389e-14 -0.84379 2.32994e-14 -2.27137 1.59857e-14 1.42758 0.785398 
-5.70235e-14 -0.844187 2.34576e-14 -2.27079 1.60942e-14 1.42661 0.785398 
-5.74085e-14 -0.844584 2.3616e-14 -2.27022 1.62029e-14 1.42563 0.785398 
-5.77939e-14 -0.844981 2.37746e-14 -2.26964 1.63117e-14 1.42466 0.785398 
-5.81798e-14 -0.845379 2.39333e-14 -2.26906 1.64206e-14 1.42368 0.785398 
-5.85661e-14 -0.845777 2.40922e-14 -2.26848 1.65296e-14 1.4227 0.785398 
-5.89528e-14 -0.846176 2.42513e-14 -2.2679 1.66388e-14 1.42173 0.785398 
-5.93399e-14 -0.846575 2.44105e-14 -2.26732 1.6748e-14 1.42075 0.785398 
-5.97273e-14 -0.846974 2.45699e-14 -2.26674 1.68574e-14 1.41977 0.785398 
-6.01152e-14 -0.847374 2.47295e-14 -2.26616 1.69668e-14 1.41879 0.785398 
-6.05034e-14 -0.847774 2.48892e-14 -2.26558 1.70764e-14 1.41781 0.785398 
-6.0892e-14 -0.848175 2.5049e-14 -2.265 1.71861e-14 1.41682 0.785398 
-6.1281e-14 -0.848576 2.5209e-14 -2.26442 1.72959e-14 1.41584 0.785398 
-6.16703e-14 -0.848977 2.53692e-14 -2.26383 1.74058e-14 1.41486 0.785398 
-6.206e-14 -0.849379 2.55295e-14 -2.26325 1.75157e-14 1.41387 0.785398 
-6.245e-14 -0.849781 2.56899e-14 -2.26267 1.76258e-14 1.41288 0.785398 
-6.28403e-14 -0.850184 2.58505e-14 -2.26208 1.7736e-14 1.4119 0.785398 
-6.3231e-14 -0.850586 2.60112e-14 -2.2615 1.78462e-14 1.41091 0.785398 
-6.3622e-14 -0.85099 2.6172e-14 -2.26091 1.79566e-14 1.40992 0.785398 
-6.40132e-14 -0.851393 2.6333e-14 -2.26032 1.8067e-14 1.40893 0.785398 
-6.44048e-14 -0.851797 2.64941e-14 -2.25974 1.81775e-14 1.40794 0.785398 
-6.47967e-14 -0.852201 2.66553e-14 -2.25915 1.82881e-14 1.40695 0.785398 
-6.51889e-14 -0.852605 2.68166e-14 -2.25856 1.83988e-14 1.40596 0.785398 
-6.55813e-14 -0.85301 2.6978e-14 -2.25798 1.85096e-14 1.40497 0.785398 
-6.5974e-14 -0.853414 2.71396e-14 -2.25739 1.86204e-14 1.40397 0.785398 
-6.6367e-14 -0.85382 2.73012e-14 -2.2568 1.87313e-14 1.40298 0.785398 
-6.67602e-14 -0.854225 2.7463e-14 -2.25621 1.88423e-14 1.40199 0.785398 
-6.71537e-14 -0.854631 2.76249e-14 -2.25562 1.89534e-14 1.40099 0.785398 
-6.75474e-14 -0.855036 2.77868e-14 -2.25503 1.90645e-14 1.39999 0.785398 
-6.79413e-14 -0.855443 2.79489e-14 -2.25444 1.91757e-14 1.399 0.785398 
-6.83355e-14 -0.855849 2.8111e-14 -2.25385 1.92869e-14 1.398 0.785398 
-6.87298e-14 -0.856256 2.82733e-14 -2.25326 1.93982e-14 1.397 0.785398 
-6.91244e-14 -0.856662 2.84356e-14 -2.25267 1.95096e-14 1.39601 0.785398 
-6.95192e-14 -0.857069 2.8598e-14 -2.25208 1.9621e-14 1.39501 0.785398 
-6.99142e-14 -0.857477 2.87605e-14 -2.25149 1.97325e-14 1.39401 0.785398 
-7.03094e-14 -0.857884 2.8923e-14 -2.25089 1.9844e-14 1.39301 0.785398 
-7.07047e-14 -0.858292 2.90857e-14 -2.2503 1.99556e-14 1.39201 0.785398 
-7.11003e-14 -0.858699 2.92484e-14 -2.24971 2.00672e-14 1.39101 0.785398 
-7.14959e-14 -0.859107 2.94111e-14 -2.24912 2.01789e-14 1.39001 0.785398 
-7.18918e-14 -0.859515 2.9574e-14 -2.24852 2.02906e-14 1.38901 0.785398 
-7.22878e-14 -0.859924 2.97369e-14 -2.24793 2.04024e-14 1.38801 0.785398 
-7.26839e-14 -0.860332 2.98998e-14 -2.24734 2.05142e-14 1.38701 0.785398 
-7.30802e-14 -0.860741 3.00628e-14 -2.24674 2.06261e-14 1.386 0.785398 
-7.34765e-14 -0.861149 3.02259e-14 -2.24615 2.07379e-14 1.385 0.785398 
-7.3873e-14 -0.861558 3.0389e-14 -2.24556 2.08498e-14 1.384 0.785398 
-7.42697e-14 -0.861967 3.05522e-14 -2.24496 2.09618e-14 1.383 0.785398 
-7.46664e-14 -0.862376 3.07154e-14 -2.24437 2.10737e-14 1.38199 0.785398 
-7.50632e-14 -0.862785 3.08786e-14 -2.24377 2.11857e-14 1.38099 0.785398 
-7.54601e-14 -0.863194 3.10419e-14 -2.24318 2.12978e-14 1.37999 0.785398 
-7.58571e-14 -0.863603 3.12052e-14 -2.24259 2.14098e-14 1.37898 0.785398 
-7.62541e-14 -0.864013 3.13685e-14 -2.24199 2.15219e-14 1.37798 0.785398 
-7.66512e-14 -0.864422 3.15319e-14 -2.2414 2.16339e-14 1.37697 0.785398 
-7.70484e-14 -0.864832 3.16952e-14 -2.2408 2.1746e-14 1.37597 0.785398 
-7.74456e-14 -0.865241 3.18587e-14 -2.24021 2.18582e-14 1.37497 0.785398 
-7.78429e-14 -0.865651 3.20221e-14 -2.23961 2.19703e-14 1.37396 0.785398 
-7.82402e-14 -0.86606 3.21855e-14 -2.23902 2.20824e-14 1.37296 0.785398 
-7.86375e-14 -0.86647 3.2349e-14 -2.23842 2.21946e-14 1.37195 0.785398 
-7.90349e-14 -0.86688 3.25124e-14 -2.23783 2.23067e-14 1.37095 0.785398 
-7.94322e-14 -0.867289 3.26759e-14 -2.23723 2.24189e-14 1.36994 0.785398 
-7.98296e-14 -0.867699 3.28393e-14 -2.23664 2.2531e-14 1.36894 0.785398 
-8.02269e-14 -0.868109 3.30028e-14 -2.23604 2.26432e-14 1.36793 0.785398 
-8.06243e-14 -0.868518 3.31662e-14 -2.23545 2.27553e-14 1.36693 0.785398 
-8.10216e-14 -0.868928 3.33297e-14 -2.23485 2.28674e-14 1.36592 0.785398 
-8.14189e-14 -0.869337 3.34931e-14 -2.23426 2.29796e-14 1.36492 0.785398 
-8.18162e-14 -0.869747 3.36566e-14 -2.23366 2.30917e-14 1.36391 0.785398 
-8.22134e-14 -0.870156 3.382e-14 -2.23307 2.32038e-14 1.36291 0.785398 
-8.26106e-14 -0.870566 3.39833e-14 -2.23247 2.33159e-14 1.36191 0.785398 
-8.30077e-14 -0.870975 3.41467e-14 -2.23188 2.3428e-14 1.3609 0.785398 
-8.34047e-14 -0.871385 3.431e-14 -2.23128 2.354e-14 1.3599 0.785398 
-8.38017e-14 -0.871794 3.44733e-14 -2.23069 2.36521e-14 1.35889 0.785398 
-8.41986e-14 -0.872203 3.46366e-14 -2.23009 2.37641e-14 1.35789 0.785398 
-8.45954e-14 -0.872612 3.47998e-14 -2.2295 2.38761e-14 1.35689 0.785398 
-8.49921e-14 -0.873021 3.4963e-14 -2.2289 2.39881e-14 1.35588 0.785398 
-8.53888e-14 -0.87343 3.51262e-14 -2.22831 2.41e-14 1.35488 0.785398 
-8.57853e-14 -0.873839 3.52893e-14 -2.22772 2.42119e-14 1.35388 0.785398 
-8.61816e-14 -0.874248 3.54524e-14 -2.22712 2.43238e-14 1.35288 0.785398 
-8.65779e-14 -0.874656 3.56154e-14 -2.22653 2.44356e-14 1.35187 0.785398 
-8.6974e-14 -0.875064 3.57783e-14 -2.22594 2.45474e-14 1.35087 0.785398 
-8.737e-14 -0.875473 3.59412e-14 -2.22534 2.46592e-14 1.34987 0.785398 
-8.77659e-14 -0.875881 3.61041e-14 -2.22475 2.47709e-14 1.34887 0.785398 
-8.81616e-14 -0.876289 3.62668e-14 -2.22416 2.48826e-14 1.34787 0.785398 
-8.85571e-14 -0.876697 3.64295e-14 -2.22357 2.49942e-14 1.34687 0.785398 
-8.89524e-14 -0.877104 3.65922e-14 -2.22297 2.51058e-14 1.34587 0.785398 
-8.93476e-14 -0.877511 3.67547e-14 -2.22238 2.52174e-14 1.34487 0.785398 
-8.97426e-14 -0.877919 3.69172e-14 -2.22179 2.53288e-14 1.34387 0.785398 
-9.01374e-14 -0.878326 3.70796e-14 -2.2212 2.54403e-14 1.34287 0.785398 
-9.0532e-14 -0.878733 3.72419e-14 -2.22061 2.55516e-14 1.34188 0.785398 
-9.09263e-14 -0.879139 3.74042e-14 -2.22002 2.56629e-14 1.34088 0.785398 
-9.13205e-14 -0.879545 3.75663e-14 -2.21943 2.57742e-14 1.33988 0.785398 
-9.17144e-14 -0.879952 3.77284e-14 -2.21884 2.58854e-14 1.33889 0.785398 
-9.21082e-14 -0.880358 3.78903e-14 -2.21825 2.59965e-14 1.33789 0.785398 
-9.25016e-14 -0.880763 3.80522e-14 -2.21766 2.61075e-14 1.33689 0.785398 
-9.28948e-14 -0.881169 3.8214e-14 -2.21707 2.62185e-14 1.3359 0.785398 
-9.32878e-14 -0.881574 3.83756e-14 -2.21648 2.63294e-14 1.33491 0.785398 
-9.36805e-14 -0.881979 3.85372e-14 -2.21589 2.64403e-14 1.33391 0.785398 
-9.40729e-14 -0.882383 3.86986e-14 -2.2153 2.6551e-14 1.33292 0.785398 
-9.44651e-14 -0.882787 3.88599e-14 -2.21472 2.66617e-14 1.33193 0.785398 
-9.4857e-14 -0.883191 3.90211e-14 -2.21413 2.67723e-14 1.33094 0.785398 
-9.52486e-14 -0.883595 3.91822e-14 -2.21354 2.68828e-14 1.32995 0.785398 
-9.56398e-14 -0.883999 3.93432e-14 -2.21296 2.69933e-14 1.32896 0.785398 
-9.60308e-14 -0.884402 3.9504e-14 -2.21237 2.71036e-14 1.32797 0.785398 
-9.64215e-14 -0.884804 3.96647e-14 -2.21179 2.72139e-14 1.32698 0.785398 
-9.68118e-14 -0.885207 3.98253e-14 -2.2112 2.7324e-14 1.326 0.785398 
-9.72018e-14 -0.885609 3.99857e-14 -2.21062 2.74341e-14 1.32501 0.785398 
-9.75915e-14 -0.886011 4.0146e-14 -2.21004 2.75441e-14 1.32402 0.785398 
-9.79808e-14 -0.886412 4.03062e-14 -2.20945 2.7654e-14 1.32304 0.785398 
-9.83698e-14 -0.886813 4.04662e-14 -2.20887 2.77638e-14 1.32206 0.785398 
-9.87584e-14 -0.887214 4.0626e-14 -2.20829 2.78734e-14 1.32107 0.785398 
-9.91466e-14 -0.887614 4.07857e-14 -2.20771 2.7983e-14 1.32009 0.785398 
-9.95345e-14 -0.888014 4.09453e-14 -2.20713 2.80925e-14 1.31911 0.785398 
-9.99219e-14 -0.888413 4.11047e-14 -2.20654 2.82018e-14 1.31813 0.785398 
-1.00309e-13 -0.888812 4.12639e-14 -2.20597 2.83111e-14 1.31715 0.785398 
-1.00696e-13 -0.889211 4.1423e-14 -2.20539 2.84202e-14 1.31618 0.785398 
-1.01082e-13 -0.889609 4.15819e-14 -2.20481 2.85293e-14 1.3152 0.785398 
-1.01468e-13 -0.890007 4.17406e-14 -2.20423 2.86382e-14 1.31422 0.785398 
-1.01853e-13 -0.890404 4.18992e-14 -2.20365 2.87469e-14 1.31325 0.785398 
-1.02238e-13 -0.890801 4.20576e-14 -2.20308 2.88556e-14 1.31227 0.785398 
-1.02623e-13 -0.891198 4.22158e-14 -2.2025 2.89642e-14 1.3113 0.785398 
-1.03007e-13 -0.891594 4.23738e-14 -2.20192 2.90726e-14 1.31033 0.785398 
-1.03391e-13 -0.891989 4.25316e-14 -2.20135 2.91809e-14 1.30936 0.785398 
-1.03774e-13 -0.892384 4.26893e-14 -2.20078 2.9289e-14 1.30839 0.785398 
-1.04157e-13 -0.892779 4.28467e-14 -2.2002 2.93971e-14 1.30742 0.785398 
-1.04539e-13 -0.893173 4.3004e-14 -2.19963 2.95049e-14 1.30646 0.785398 
-1.04921e-13 -0.893567 4.3161e-14 -2.19906 2.96127e-14 1.30549 0.785398 
-1.05302e-13 -0.89396 4.33179e-14 -2.19849 2.97203e-14 1.30453 0.785398 
-1.05683e-13 -0.894352 4.34746e-14 -2.19792 2.98278e-14 1.30356 0.785398 
-1.06063e-13 -0.894745 4.3631e-14 -2.19735 2.99351e-14 1.3026 0.785398 
-1.06443e-13 -0.895136 4.37872e-14 -2.19678 3.00423e-14 1.30164 0.785398 
-1.06822e-13 -0.895527 4.39433e-14 -2.19621 3.01494e-14 1.30068 0.785398 
-1.07201e-13 -0.895918 4.40991e-14 -2.19564 3.02563e-14 1.29973 0.785398 
-1.07579e-13 -0.896307 4.42546e-14 -2.19508 3.0363e-14 1.29877 0.785398 
-1.07957e-13 -0.896697 4.441e-14 -2.19451 3.04696e-14 1.29781 0.785398 
-1.08334e-13 -0.897086 4.45651e-14 -2.19395 3.0576e-14 1.29686 0.785398 
-1.08711e-13 -0.897474 4.472e-14 -2.19338 3.06823e-14 1.29591 0.785398 
-1.09087e-13 -0.897861 4.48747e-14 -2.19282 3.07884e-14 1.29496 0.785398 
-1.09462e-13 -0.898248 4.50291e-14 -2.19226 3.08944e-14 1.29401 0.785398 
-1.09837e-13 -0.898635 4.51833e-14 -2.1917 3.10002e-14 1.29306 0.785398 
-1.10211e-13 -0.899021 4.53373e-14 -2.19114 3.11058e-14 1.29211 0.785398 
-1.10585e-13 -0.899406 4.5491e-14 -2.19058 3.12113e-14 1.29117 0.785398 
-1.10958e-13 -0.899791 4.56444e-14 -2.19002 3.13166e-14 1.29023 0.785398 
-1.1133e-13 -0.900174 4.57976e-14 -2.18946 3.14217e-14 1.28928 0.785398 
-1.11702e-13 -0.900558 4.59506e-14 -2.1889 3.15266e-14 1.28834 0.785398 
-1.12073e-13 -0.90094 4.61033e-14 -2.18835 3.16314e-14 1.28741 0.785398 
-1.12444e-13 -0.901323 4.62557e-14 -2.18779 3.1736e-14 1.28647 0.785398 
-1.12814e-13 -0.901704 4.64079e-14 -2.18724 3.18404e-14 1.28553 0.785398 
-1.13183e-13 -0.902085 4.65598e-14 -2.18668 3.19446e-14 1.2846 0.785398 
-1.13551e-13 -0.902465 4.67114e-14 -2.18613 3.20486e-14 1.28367 0.785398 
-1.13919e-13 -0.902844 4.68628e-14 -2.18558 3.21525e-14 1.28274 0.785398 
-1.14287e-13 -0.903223 4.70139e-14 -2.18503 3.22561e-14 1.28181 0.785398 
-1.14653e-13 -0.9036 4.71647e-14 -2.18448 3.23596e-14 1.28088 0.785398 
-1.15019e-13 -0.903978 4.73152e-14 -2.18393 3.24629e-14 1.27996 0.785398 
-1.15384e-13 -0.904354 4.74654e-14 -2.18339 3.25659e-14 1.27903 0.785398 
-1.15749e-13 -0.90473 4.76154e-14 -2.18284 3.26688e-14 1.27811 0.785398 
-1.16113e-13 -0.905105 4.7765e-14 -2.1823 3.27715e-14 1.27719 0.785398 
-1.16476e-13 -0.905479 4.79144e-14 -2.18175 3.28739e-14 1.27627 0.785398 
-1.16838e-13 -0.905853 4.80634e-14 -2.18121 3.29762e-14 1.27536 0.785398 
-1.172e-13 -0.906226 4.82122e-14 -2.18067 3.30783e-14 1.27444 0.785398 
-1.17561e-13 -0.906598 4.83606e-14 -2.18013 3.31801e-14 1.27353 0.785398 
-1.17921e-13 -0.906969 4.85088e-14 -2.17959 3.32818e-14 1.27262 0.785398 
-1.1828e-13 -0.907339 4.86566e-14 -2.17905 3.33832e-14 1.27171 0.785398 
-1.18639e-13 -0.907709 4.88041e-14 -2.17851 3.34844e-14 1.2708 0.785398 
-1.18996e-13 -0.908078 4.89513e-14 -2.17798 3.35854e-14 1.2699 0.785398 
-1.19353e-13 -0.908446 4.90982e-14 -2.17744 3.36862e-14 1.269 0.785398 
-1.1971e-13 -0.908813 4.92448e-14 -2.17691 3.37867e-14 1.2681 0.785398 
-1.20065e-13 -0.90918 4.9391e-14 -2.17638 3.38871e-14 1.2672 0.785398 
-1.2042e-13 -0.909546 4.95369e-14 -2.17585 3.39872e-14 1.2663 0.785398 
-1.20774e-13 -0.90991 4.96824e-14 -2.17532 3.4087e-14 1.26541 0.785398 
-1.21127e-13 -0.910274 4.98277e-14 -2.17479 3.41867e-14 1.26451 0.785398 
-1.21479e-13 -0.910638 4.99726e-14 -2.17426 3.42861e-14 1.26362 0.785398 
-1.2183e-13 -0.911 5.01171e-14 -2.17373 3.43853e-14 1.26273 0.785398 
-1.22181e-13 -0.911361 5.02613e-14 -2.17321 3.44842e-14 1.26185 0.785398 
-1.22531e-13 -0.911722 5.04052e-14 -2.17268 3.45829e-14 1.26096 0.785398 
-1.22879e-13 -0.912081 5.05487e-14 -2.17216 3.46813e-14 1.26008 0.785398 
-1.23227e-13 -0.91244 5.06918e-14 -2.17164 3.47796e-14 1.2592 0.785398 
-1.23575e-13 -0.912798 5.08346e-14 -2.17112 3.48775e-14 1.25832 0.785398 
-1.23921e-13 -0.913155 5.09771e-14 -2.1706 3.49753e-14 1.25745 0.785398 
-1.24266e-13 -0.913511 5.11191e-14 -2.17009 3.50727e-14 1.25657 0.785398 
-1.24611e-13 -0.913866 5.12608e-14 -2.16957 3.51699e-14 1.2557 0.785398 
-1.24954e-13 -0.91422 5.14021e-14 -2.16905 3.52669e-14 1.25483 0.785398 
-1.25297e-13 -0.914574 5.15431e-14 -2.16854 3.53636e-14 1.25397 0.785398 
-1.25639e-13 -0.914926 5.16837e-14 -2.16803 3.54601e-14 1.2531 0.785398 
-1.25979e-13 -0.915277 5.18239e-14 -2.16752 3.55563e-14 1.25224 0.785398 
-1.26319e-13 -0.915628 5.19637e-14 -2.16701 3.56522e-14 1.25138 0.785398 
-1.26658e-13 -0.915977 5.21031e-14 -2.1665 3.57478e-14 1.25053 0.785398 
-1.26996e-13 -0.916325 5.22422e-14 -2.166 3.58432e-14 1.24967 0.785398 
-1.27333e-13 -0.916673 5.23808e-14 -2.16549 3.59384e-14 1.24882 0.785398 
-1.27669e-13 -0.917019 5.25191e-14 -2.16499 3.60332e-14 1.24797 0.785398 
-1.28004e-13 -0.917365 5.26569e-14 -2.16449 3.61278e-14 1.24712 0.785398 
-1.28339e-13 -0.917709 5.27944e-14 -2.16399 3.62221e-14 1.24628 0.785398 
-1.28672e-13 -0.918053 5.29314e-14 -2.16349 3.63161e-14 1.24543 0.785398 
-1.29004e-13 -0.918395 5.3068e-14 -2.16299 3.64099e-14 1.24459 0.785398 
-1.29335e-13 -0.918737 5.32043e-14 -2.16249 3.65033e-14 1.24376 0.785398 
-1.29665e-13 -0.919077 5.33401e-14 -2.162 3.65965e-14 1.24292 0.785398 
-1.29994e-13 -0.919416 5.34755e-14 -2.16151 3.66894e-14 1.24209 0.785398 
-1.30322e-13 -0.919755 5.36105e-14 -2.16102 3.6782e-14 1.24126 0.785398 
-1.30649e-13 -0.920092 5.3745e-14 -2.16053 3.68743e-14 1.24043 0.785398 
-1.30976e-13 -0.920428 5.38791e-14 -2.16004 3.69664e-14 1.23961 0.785398 
-1.31301e-13 -0.920763 5.40128e-14 -2.15955 3.70581e-14 1.23879 0.785398 
-1.31624e-13 -0.921097 5.41461e-14 -2.15907 3.71495e-14 1.23797 0.785398 
-1.31947e-13 -0.92143 5.42789e-14 -2.15858 3.72407e-14 1.23715 0.785398 
-1.32269e-13 -0.921762 5.44113e-14 -2.1581 3.73315e-14 1.23634 0.785398 
-1.3259e-13 -0.922092 5.45433e-14 -2.15762 3.7422e-14 1.23553 0.785398 
-1.3291e-13 -0.922422 5.46748e-14 -2.15714 3.75122e-14 1.23472 0.785398 
-1.33228e-13 -0.92275 5.48058e-14 -2.15666 3.76022e-14 1.23391 0.785398 
-1.33546e-13 -0.923078 5.49364e-14 -2.15619 3.76918e-14 1.23311 0.785398 
-1.33862e-13 -0.923404 5.50665e-14 -2.15571 3.7781e-14 1.23231 0.785398 
-1.34177e-13 -0.923729 5.51962e-14 -2.15524 3.787e-14 1.23151 0.785398 
-1.34491e-13 -0.924053 5.53255e-14 -2.15477 3.79587e-14 1.23072 0.785398 
-1.34804e-13 -0.924375 5.54542e-14 -2.1543 3.8047e-14 1.22993 0.785398 
-1.35116e-13 -0.924697 5.55825e-14 -2.15384 3.81351e-14 1.22914 0.785398 
-1.35427e-13 -0.925017 5.57103e-14 -2.15337 3.82228e-14 1.22835 0.785398 
-1.35737e-13 -0.925336 5.58377e-14 -2.15291 3.83101e-14 1.22757 0.785398 
-1.36045e-13 -0.925654 5.59646e-14 -2.15244 3.83972e-14 1.22679 0.785398 
-1.36352e-13 -0.925971 5.6091e-14 -2.15198 3.84839e-14 1.22601 0.785398 
-1.36658e-13 -0.926287 5.62169e-14 -2.15153 3.85703e-14 1.22524 0.785398 
-1.36963e-13 -0.926601 5.63423e-14 -2.15107 3.86563e-14 1.22447 0.785398 
-1.37267e-13 -0.926914 5.64672e-14 -2.15061 3.87421e-14 1.2237 0.785398 
-1.37569e-13 -0.927226 5.65917e-14 -2.15016 3.88274e-14 1.22294 0.785398 
-1.37871e-13 -0.927537 5.67156e-14 -2.14971 3.89125e-14 1.22217 0.785398 
-1.38171e-13 -0.927846 5.68391e-14 -2.14926 3.89972e-14 1.22141 0.785398 
-1.3847e-13 -0.928154 5.6962e-14 -2.14881 3.90815e-14 1.22066 0.785398 
-1.38767e-13 -0.928461 5.70845e-14 -2.14837 3.91655e-14 1.21991 0.785398 
-1.39064e-13 -0.928767 5.72064e-14 -2.14792 3.92492e-14 1.21916 0.785398 
-1.39359e-13 -0.929071 5.73278e-14 -2.14748 3.93325e-14 1.21841 0.785398 
-1.39653e-13 -0.929374 5.74487e-14 -2.14704 3.94155e-14 1.21767 0.785398 
-1.39946e-13 -0.929676 5.75691e-14 -2.1466 3.94981e-14 1.21693 0.785398 
-1.40237e-13 -0.929976 5.7689e-14 -2.14617 3.95803e-14 1.21619 0.785398 
-1.40527e-13 -0.930275 5.78083e-14 -2.14573 3.96622e-14 1.21546 0.785398 
-1.40816e-13 -0.930573 5.79272e-14 -2.1453 3.97437e-14 1.21473 0.785398 
-1.41103e-13 -0.930869 5.80454e-14 -2.14487 3.98249e-14 1.214 0.785398 
-1.4139e-13 -0.931165 5.81632e-14 -2.14444 3.99057e-14 1.21328 0.785398 
-1.41675e-13 -0.931458 5.82804e-14 -2.14401 3.99861e-14 1.21255 0.785398 
-1.41958e-13 -0.931751 5.83971e-14 -2.14359 4.00661e-14 1.21184 0.785398 
-1.42241e-13 -0.932042 5.85133e-14 -2.14317 4.01458e-14 1.21112 0.785398 
-1.42522e-13 -0.932332 5.86288e-14 -2.14274 4.02251e-14 1.21041 0.785398 
-1.42801e-13 -0.93262 5.87439e-14 -2.14233 4.03041e-14 1.20971 0.785398 
-1.4308e-13 -0.932907 5.88584e-14 -2.14191 4.03826e-14 1.209 0.785398 
-1.43357e-13 -0.933192 5.89723e-14 -2.14149 4.04608e-14 1.2083 0.785398 
-1.43632e-13 -0.933477 5.90857e-14 -2.14108 4.05386e-14 1.2076 0.785398 
-1.43907e-13 -0.933759 5.91985e-14 -2.14067 4.0616e-14 1.20691 0.785398 
-1.44179e-13 -0.934041 5.93108e-14 -2.14026 4.0693e-14 1.20622 0.785398 
-1.44451e-13 -0.934321 5.94225e-14 -2.13986 4.07696e-14 1.20553 0.785398 
-1.44721e-13 -0.934599 5.95336e-14 -2.13945 4.08459e-14 1.20485 0.785398 
-1.4499e-13 -0.934876 5.96441e-14 -2.13905 4.09217e-14 1.20417 0.785398 
-1.45257e-13 -0.935152 5.97541e-14 -2.13865 4.09972e-14 1.2035 0.785398 
-1.45523e-13 -0.935426 5.98635e-14 -2.13825 4.10722e-14 1.20282 0.785398 
-1.45787e-13 -0.935698 5.99723e-14 -2.13785 4.11469e-14 1.20216 0.785398 
-1.46051e-13 -0.93597 6.00805e-14 -2.13746 4.12211e-14 1.20149 0.785398 
-1.46312e-13 -0.936239 6.01882e-14 -2.13707 4.1295e-14 1.20083 0.785398 
-1.46572e-13 -0.936508 6.02952e-14 -2.13668 4.13684e-14 1.20017 0.785398 
-1.46831e-13 -0.936774 6.04016e-14 -2.13629 4.14414e-14 1.19952 0.785398 
-1.47088e-13 -0.93704 6.05075e-14 -2.13591 4.15141e-14 1.19887 0.785398 
-1.47344e-13 -0.937303 6.06127e-14 -2.13552 4.15863e-14 1.19822 0.785398 
-1.47599e-13 -0.937566 6.07174e-14 -2.13514 4.16581e-14 1.19758 0.785398 
-1.47852e-13 -0.937826 6.08214e-14 -2.13476 4.17294e-14 1.19694 0.785398 
-1.48103e-13 -0.938086 6.09248e-14 -2.13439 4.18004e-14 1.1963 0.785398 
-1.48353e-13 -0.938343 6.10276e-14 -2.13401 4.18709e-14 1.19567 0.785398 
-1.48601e-13 -0.938599 6.11298e-14 -2.13364 4.1941e-14 1.19504 0.785398 
-1.48848e-13 -0.938854 6.12314e-14 -2.13327 4.20107e-14 1.19442 0.785398 
-1.49094e-13 -0.939107 6.13323e-14 -2.1329 4.208e-14 1.1938 0.785398 
-1.49337e-13 -0.939358 6.14326e-14 -2.13254 4.21488e-14 1.19318 0.785398 
-1.4958e-13 -0.939608 6.15323e-14 -2.13217 4.22172e-14 1.19257 0.785398 
-1.4982e-13 -0.939856 6.16314e-14 -2.13181 4.22851e-14 1.19196 0.785398 
-1.5006e-13 -0.940103 6.17298e-14 -2.13146 4.23527e-14 1.19135 0.785398 
-1.50297e-13 -0.940348 6.18275e-14 -2.1311 4.24198e-14 1.19075 0.785398 
-1.50534e-13 -0.940591 6.19247e-14 -2.13075 4.24864e-14 1.19015 0.785398 
-1.50768e-13 -0.940833 6.20212e-14 -2.13039 4.25526e-14 1.18956 0.785398 
-1.51001e-13 -0.941073 6.2117e-14 -2.13005 4.26184e-14 1.18897 0.785398 
-1.51232e-13 -0.941312 6.22122e-14 -2.1297 4.26837e-14 1.18839 0.785398 
-1.51462e-13 -0.941549 6.23067e-14 -2.12935 4.27485e-14 1.18781 0.785398 
-1.5169e-13 -0.941784 6.24006e-14 -2.12901 4.28129e-14 1.18723 0.785398 
-1.51917e-13 -0.942018 6.24938e-14 -2.12867 4.28769e-14 1.18666 0.785398 
-1.52142e-13 -0.94225 6.25864e-14 -2.12834 4.29404e-14 1.18609 0.785398 
-1.52365e-13 -0.94248 6.26783e-14 -2.128 4.30034e-14 1.18552 0.785398 
-1.52587e-13 -0.942709 6.27695e-14 -2.12767 4.3066e-14 1.18496 0.785398 
-1.52807e-13 -0.942936 6.286e-14 -2.12734 4.31281e-14 1.1844 0.785398 
-1.53026e-13 -0.943161 6.29499e-14 -2.12701 4.31898e-14 1.18385 0.785398 
-1.53242e-13 -0.943384 6.30391e-14 -2.12669 4.3251e-14 1.1833 0.785398 
-1.53458e-13 -0.943606 6.31276e-14 -2.12637 4.33117e-14 1.18276 0.785398 
-1.53671e-13 -0.943826 6.32154e-14 -2.12605 4.33719e-14 1.18222 0.785398 
-1.53883e-13 -0.944044 6.33025e-14 -2.12573 4.34317e-14 1.18168 0.785398 
-1.54093e-13 -0.944261 6.33889e-14 -2.12541 4.3491e-14 1.18115 0.785398 
-1.54301e-13 -0.944476 6.34747e-14 -2.1251 4.35498e-14 1.18063 0.785398 
-1.54508e-13 -0.944689 6.35597e-14 -2.12479 4.36082e-14 1.1801 0.785398 
-1.54713e-13 -0.9449 6.3644e-14 -2.12449 4.3666e-14 1.17959 0.785398 
-1.54916e-13 -0.94511 6.37277e-14 -2.12418 4.37234e-14 1.17907 0.785398 
-1.55118e-13 -0.945318 6.38106e-14 -2.12388 4.37803e-14 1.17856 0.785398 
-1.55318e-13 -0.945524 6.38928e-14 -2.12358 4.38367e-14 1.17806 0.785398 
-1.55516e-13 -0.945728 6.39743e-14 -2.12328 4.38926e-14 1.17756 0.785398 
-1.55712e-13 -0.945931 6.40551e-14 -2.12299 4.39481e-14 1.17706 0.785398 
-1.55907e-13 -0.946131 6.41351e-14 -2.1227 4.4003e-14 1.17657 0.785398 
-1.561e-13 -0.94633 6.42145e-14 -2.12241 4.40574e-14 1.17608 0.785398 
-1.56291e-13 -0.946527 6.42931e-14 -2.12212 4.41114e-14 1.1756 0.785398 
-1.5648e-13 -0.946722 6.4371e-14 -2.12184 4.41648e-14 1.17512 0.785398 
-1.56668e-13 -0.946916 6.44481e-14 -2.12156 4.42177e-14 1.17464 0.785398 
-1.56854e-13 -0.947107 6.45245e-14 -2.12128 4.42701e-14 1.17417 0.785398 
-1.57037e-13 -0.947297 6.46002e-14 -2.121 4.43221e-14 1.17371 0.785398 
-1.5722e-13 -0.947484 6.46751e-14 -2.12073 4.43735e-14 1.17325 0.785398 
-1.574e-13 -0.94767 6.47493e-14 -2.12046 4.44244e-14 1.17279 0.785398 
-1.57578e-13 -0.947854 6.48227e-14 -2.12019 4.44747e-14 1.17234 0.785398 
-1.57755e-13 -0.948037 6.48954e-14 -2.11993 4.45246e-14 1.17189 0.785398 
-1.5793e-13 -0.948217 6.49673e-14 -2.11967 4.4574e-14 1.17145 0.785398 
-1.58103e-13 -0.948395 6.50385e-14 -2.11941 4.46228e-14 1.17101 0.785398 
-1.58274e-13 -0.948572 6.51089e-14 -2.11915 4.46711e-14 1.17058 0.785398 
-1.58443e-13 -0.948746 6.51786e-14 -2.1189 4.47189e-14 1.17015 0.785398 
-1.58611e-13 -0.948919 6.52474e-14 -2.11865 4.47661e-14 1.16973 0.785398 
-1.58776e-13 -0.94909 6.53155e-14 -2.1184 4.48129e-14 1.16931 0.785398 
-1.5894e-13 -0.949258 6.53829e-14 -2.11816 4.48591e-14 1.1689 0.785398 
-1.59102e-13 -0.949425 6.54494e-14 -2.11791 4.49047e-14 1.16849 0.785398 
-1.59262e-13 -0.94959 6.55152e-14 -2.11767 4.49499e-14 1.16808 0.785398 